4.425274184580644921e+00 1.722140430240344244e-01
5.118583569529008059e+00 3.616642082056626961e-01
5.811892954477372086e+00 2.775960005310293965e-01
6.505202339425735225e+00 3.057129324168448292e-01
7.198511724374098364e+00 4.182516923484289606e-01
7.891821109322462391e+00 5.025045074187399763e-01
8.585130494270824641e+00 1.954635899870069693e-01
9.278439879219188668e+00 3.204633596220158864e-01
9.971749264167552695e+00 3.171983563749858348e-01
1.066505864911591672e+01 2.457819197531243560e-01
1.135836803406428075e+01 1.653883583217226061e-01
1.205167741901264300e+01 2.351734813260311086e-01
1.274498680396100525e+01 3.292384868811151222e-01
1.343829618890936928e+01 1.357870981255349108e-01
1.413160557385773330e+01 3.881749586603859825e-01
1.482491495880609733e+01 1.922742258248142377e-01
1.551822434375446136e+01 6.513639085116906813e-02
1.621153372870282539e+01 7.342931132636287828e-01
1.690484311365118586e+01 nan
1.759815249859954989e+01 1.329861592845702489e-01
1.829146188354791391e+01 2.277595400788179347e-01
1.898477126849627794e+01 4.133801311474627482e-02
1.967808065344464197e+01 2.448826950310838413e-01
2.037139003839300599e+01 1.720265220195322797e-01
2.106469942334136647e+01 1.276262013607620815e-01
2.175800880828973050e+01 6.648287520717133248e-02
2.245131819323809452e+01 9.096768996300852450e-02
2.314462757818645855e+01 2.772752719290849654e-02
2.383793696313482258e+01 2.473525620660339541e-01
2.453124634808318305e+01 2.855049955733015565e-01
2.522455573303154708e+01 7.378952497506929831e-02
2.591786511797991110e+01 nan
2.661117450292827513e+01 nan
2.730448388787663916e+01 nan
2.799779327282500319e+01 8.366262649424882625e-02
2.869110265777336721e+01 nan
2.938441204272172769e+01 nan
3.007772142767009171e+01 3.867111986186202444e-01
3.077103081261845574e+01 nan
3.146434019756681977e+01 nan
3.215764958251518379e+01 nan
3.285095896746354782e+01 nan
3.354426835241191185e+01 nan
3.423757773736027588e+01 nan
3.493088712230863990e+01 nan
3.562419650725700393e+01 nan
3.631750589220536796e+01 1.241342056748990785e-01
3.701081527715372488e+01 nan
3.770412466210208891e+01 nan
3.839743404705045293e+01 1.453000880843404730e-01
