7.522668206987172257e-02 2.347511092499833529e-02
9.623404601761181842e-02 2.253500887878670533e-02
1.172414099653519282e-01 4.114275402688169492e-02
1.382487739130920379e-01 3.995562271038437252e-02
1.592561378608321476e-01 2.746394613418451369e-01
1.802635018085722574e-01 2.669250449006894121e-01
2.012708657563123116e-01 1.735680205272274457e-01
2.222782297040524213e-01 6.139781299461127828e-02
2.432855936517925310e-01 6.132129000008409991e-02
2.642929575995326408e-01 6.834825174557876415e-02
2.853003215472727505e-01 7.310253880624489886e-02
3.063076854950128602e-01 9.198102696708554404e-02
3.273150494427529145e-01 9.908516554370250251e-02
3.483224133904930242e-01 1.486849334855555593e-01
3.693297773382331339e-01 1.224993126658146525e-01
3.903371412859732437e-01 7.701010810850711374e-02
4.113445052337133534e-01 7.575880876407609099e-02
4.323518691814534631e-01 7.522015067364856700e-02
4.533592331291935729e-01 8.768215738624679512e-02
4.743665970769336826e-01 9.978121615947760370e-02
4.953739610246737923e-01 5.821031937690424041e-02
5.163813249724138466e-01 4.713628672332076386e-02
5.373886889201540118e-01 1.479016560049312146e-01
5.583960528678940660e-01 nan
5.794034168156341202e-01 7.762626587201282291e-02
6.004107807633742855e-01 1.937855298032874485e-01
6.214181447111143397e-01 6.068510616735678376e-02
6.424255086588545050e-01 4.031774120528652805e-02
6.634328726065945592e-01 2.520219011098001616e-02
6.844402365543347244e-01 5.555341750386366684e-02
7.054476005020747786e-01 5.152497153739077351e-02
7.264549644498149439e-01 7.259388540452604843e-04
7.474623283975549981e-01 1.124855119864809350e-02
7.684696923452950523e-01 nan
7.894770562930352176e-01 8.374114831667056613e-03
8.104844202407752718e-01 2.955274725965351124e-02
8.314917841885154370e-01 4.286781283895146899e-03
8.524991481362554913e-01 4.052689991708258166e-02
8.735065120839956565e-01 2.832094801244233739e-02
8.945138760317357107e-01 9.146271201100564241e-03
9.155212399794758760e-01 6.401332031366613329e-03
9.365286039272159302e-01 3.134431326805486862e-02
9.575359678749559844e-01 nan
9.785433318226961497e-01 nan
9.995506957704362039e-01 2.375954099831156796e-02
1.020558059718176480e+00 2.050158210950336901e-02
1.041565423665916423e+00 nan
1.062572787613656589e+00 2.286540018365323945e-02
1.083580151561396532e+00 2.550496933093904239e-02
1.104587515509136697e+00 5.918825648476788714e-03
1.125594879456876862e+00 nan
1.146602243404617028e+00 2.483755808462606574e-02
1.167609607352356971e+00 nan
1.188616971300097136e+00 nan
1.209624335247837301e+00 nan
1.230631699195577466e+00 nan
1.251639063143317410e+00 3.483897683852399396e-02
1.272646427091057575e+00 3.714352037137258478e-02
1.293653791038797740e+00 nan
1.314661154986537683e+00 nan
1.335668518934277849e+00 nan
1.356675882882018014e+00 nan
1.377683246829758179e+00 6.316276705029766347e-03
1.398690610777498122e+00 1.306881083996724868e-02
1.419697974725238288e+00 nan
1.440705338672978453e+00 9.509856750818945770e-03
1.461712702620718396e+00 nan
1.482720066568458561e+00 nan
1.503727430516198726e+00 nan
1.524734794463938892e+00 9.982094890981230151e-05
1.545742158411678835e+00 nan
1.566749522359419000e+00 nan
1.587756886307159165e+00 nan
1.608764250254899109e+00 8.742061909188914015e-03
1.629771614202639274e+00 nan
1.650778978150379439e+00 nan
1.671786342098119604e+00 nan
1.692793706045859548e+00 nan
1.713801069993599713e+00 nan
1.734808433941339878e+00 1.886498021872973219e-02
